1- -1

1- -1
2- -0.075518

-0.013312
-1
0.0566627

-0.454952
0.470123
-0.0697439
0.541855

-1
-0.075518
0.0573439
-0.00426065
0.040076

-0.556175
-0.0179161
0.49833
-0.043609
0.484662
0.0181868

0.0566627
-0.013312
-1
0.105764
0.0155504
5.01015e-05
-0.0762005

-0.075467
-1
-0.0134629
-0.0115288
-0.0351509
-0.023698
-0.0378233
-0.0836029

0.0793429
-0.0236713
5.06124e-05
-0.0473684
0.0297757
-1
0.046511
0.0225432
0.0733173

0.0308319
0.0834251
-0.120407
0.0679198
0.000275007
-0.0225206
-0.00536375
1
0.0172276
0.0960187

-0.0566627
0.013312
1
-0.105764
-0.0155504
-5.01015e-05
0.0762005
-0.119311
0.00560897
0.0144544
-0.0833688

-0.0412843
0.0375838
0.0765766
0.020802
0.0595765
-0.0462687
1
-0.00534116
0.0516827
-0.0229407
-0.088745
0.0812933

-0.315071
-0.230207
0.354287
-0.190476
-0.0950024
-0.0951928
0.226637
-0.456381
0.110176
-0.0755458
-0.405091
0.425096
-0.00500113

0.235053
0.140126
-0.344164
0.160401
0.145004
0.0651319
-0.266929
0.406229
-0.190304
0.12591
0.465105
-0.285064
0.0650146
-0.473027

0.0412843
-0.0375838
-0.0765766
-0.020802
-0.0595765
0.0462687
-1                yeah
0.00534116
-0.0516827
0.0229407
0.088745
-0.0812933
-0.141307
-0.0722625
0.05304

-0.335826
-0.428886
0.156392
-0.0125313
-0.0352509
0.107468
-0.261137
-0.343288
0.078125
-0.111556
-0.304318
0.0157535
-0.184291
0.185185
0.243548
0.434021

-0.334925
-0.0803723
0.27442
-0.0496241
0.0450511
0.124803
0.207348
-0.366659
0.140625
-0.247639
-0.325223
0.274912
0.0248556
0.633253
-0.0447048
-0.0747967
0.2

0.324773
0.130718
-0.295779
0.0290727
0.0149004
-0.124352
-0.218277
0.327089
-0.100962
0.258568
0.455402
-0.244755
0.0453102
-0.521739
0.0643789
0.0545341
-0.26
-0.225106

0.0657648
-0.0315284
-0.0956575
-0.0275689
-0.0747519
0.0328165
-0.957669
0.0223175
-0.0981571
0.0511193
0.124278
-0.0957715
-0.17579
-0.114734
0.0768441
0.17636
-0.03
-0.204755
-0.0715644

-0.0105274
-0.0640076
-0.0292034
-0.00676692
-0.0201755
0.0115985
-0.0533605
-0.0983726
-0.0364583
0.0130694
0.0405341
-0.0594884
-0.00947713
-0.022343
1
0.019137
0.045
-0.080177
0.0360825
0.0546555

0.209822
-0.0445901
-0.381263
-0.00576441
-0.0600765
0.00067637
-0.474705
0.211465
-0.225962
0.13223
0.230277
-0.269836
-0.0497862
-0.396337
0.279818
0.0396498
-0.205
-0.330083
0.115554
0.194869
0.0947379

0.0302318
-0.315734
0.107956
-0.154637
-0.229931
0.179689
-0.34119
-0.141252
-0.194712
0.169953
-0.0702408
0.0597885
-0.29029
-0.00623994
0.160722
0.240525
0.125
-0.239931
-0.165599
0.535204
-0.204782
0.0944862

-0.304919
-0.270543
0.294665
-0.0897243
-0.0849521
0.0145795
-0.0343985
-0.527145
0.0104167
-0.0361109
-0.315221
0.314921
-0.155185
0.33132
0.0754424
0.0252658
0.15
0.0350509
-0.270543
0.290129
-0.0898359
0.00952381
0.0291934

0.335075
0.120108
-0.334042
0.0601504
-0.0950024
-0.0450913
-0.256856
0.356077
-0.0901442
0.216565
0.375084
-0.255057
-0.0150034
-0.442834
0.105129
0.0450281
-0.34
-0.255006
0.10009
0.040004
0.070028
0.110276
0.122063
-0.0100817

-0.285064
-0.230207
0.344164
-0.0701754
-0.0550014
-0.00501015
0.196419
-0.396199
0.0901442
-0.135982
-0.485109
0.305069
-0.0850191
0.34219
-0.075092
-0.00500313
0.26
0.245006
-0.170153
0.080008
-0.080032
-0.0802005
-0.0813752
0.0806533
-0.00502121

0.235353
0.139526
-0.291325
-0.0390977
-0.114903
0.00410832
-0.406235
0.304822
-0.179487
0.194707
0.374784
-0.125328
0.0347078
-0.424316
0.10583
0.0555347
-0.29
-0.364909
0.0694625
0.110211
-0.0496198
0.0892231
0.0583867
-0.0623047
0.0238006
-0.196298

0.0893451
0.296617
-0.0809292
0.0629073
-0.000225006
-0.0580926
-0.0139256
0.534091
-0.0168269
0.134799
0.0806932
-0.0993474
0.230727
-0.32347
-0.241871
-0.0311445
-0.275
-0.220231
0.106446
-0.215472
0.0741297
0.0172932
0.0212084
-0.444551
0.163616
-0.198377
0.225

-0.26506
-0.150135
0.323919
-0.0401003
0.0150004
0.0651319
0.246783
-0.396199
0.0801282
-0.226637
-0.405091
0.255057
-0.0550124
0.473027
-0.075092
-0.0850532
0.3
0.215005
-0.0900811
-0.030003
-0.020008
-0.130326
-0.0305157
0.100817
0.00502121
0.125254
-0.21
0.00500013

0.254907
0.120408
-0.335155
0.0897243
0.00495012
0.00546106
-0.237566
0.426841
-0.120593
0.207348
0.385237
-0.294916
0.0151534
-0.462158
0.114791
0.084803
-0.24
-0.175054
0.0903813
0.029903
-0.0102041
0.150877
0.0318381
-0.0999093
-0.0344957
-0.124803
0.25
-0.0249506
-0.0452783

-0.315671
-0.128916
0.238486
0.0781955
0.0748019
0.107017
0.253431
-0.313749
0.148638
-0.263504
-0.424496
0.17564
-0.0344077
0.496377
-0.0164201
-0.01601
0.31
0.284807
-0.048844
-0.030403
0.0192077
-0.0380952
-0.00488251
0.0842827
0.00763225
0.197199
-0.15
-0.0548014
0.06404
-0.0544122

-0.170413
0.306025
0.194605
-0.00626566
0.20988
-0.0289336
0.330261
0.0415005
0.0440705
-0.209388
-0.0496362
0.150409
0.360456
0.117754
-0.281219
-0.100688
0.065
0.229881
-0.0142628
-0.435294
0.0245098
-0.0639098
-0.245906
-0.305222
-0.149005
-0.0589945
-0.065
0.170129
0.169481
-0.0296317
-0.195578

-0.234903
-0.0603543
0.31491
0.0205514
0.175054
0.0145795
0.398731
-0.356629
0.180689
-0.197275
-0.245205
0.174889
0.0748668
0.411836
-0.134815
-0.0547842
0.28
0.325058
-0.0103093
-0.09991
-0.00980392
-0.110777
-0.0623538
0.049501
0.0746655
0.214985
-0.19
0.0149504
0.17536
-0.0451602
0.110244
-0.0547842

-0.169213
-0.176809
0.142778
-0.112531
-0.0897272
0.0576417
0.0450001
-0.514582
-0.0829327
-0.135655
-0.250881
0.37926
-0.0908454
0.342794
0.0519887
-0.0286429
0.245
0.0702768
-0.106746
0.19557
-0.0839336
-0.0278195
0.14022
0.252092
0.0667068
0.227987
-0.155
-0.110278
0.251532
-0.0808432
0.22619
-0.108693
-0.0419764